 ; PFPX Aircraft Performance File Beechcraft Bonanaza V35
[GENERAL]
Author=Cristi Neagu
Version=2.00
AircraftType=Beechcraft Bonanaza V35
EngineType=IO-520
Type=Prop
AircraftTypeShort=BE35
ATCDesignator=Beech
NrOfEngines=1
PaxCapacity=4
Equipment=SGRY
Transponder=S
PBN=B2S1
NAV=
COM=
DAT=
RMK=
WakeTurbulenceCategory=L
RVR=550
PER=B
;L..Light, M..Medium, H..Heavy, S..Super

MaximumAltitude=16000

MinLandingRunwayLength=1500
;The Minimum Runway length for automatic alternate determination

Units=LB
;Enter KG for Kilogram or LB for Pounds

EngineAntiIce=0
TotalAntiIce=0

TakeOffBurn=3
LandingBurn=10
TakeOffTime=0
LandingTime=2

MinWeight=2400
MaxWeight=3400

StandardClimbMode=0
StandardCruiseMode=1
StandardDescentMode=0

AlternateClimbMode=0
AlternateCruiseMode=1
AlternateDescentMode=0

[DEFAULT_DATA_KG]
DOW=1048
MZFW=1547
MTOW=1542
MRW=1547
MLW=1542
FuelCapacity=327
TaxiFuelPerMinute=0.5
APUBurnPerHour=0

[DEFAULT_DATA_LB]
DOW=2310
MZFW=3412
MTOW=3400
MRW=3412
MLW=3400
FuelCapacity=720
TaxiFuelPerMinute=1
APUBurnPerHour=0

[HOLD]
;65% maximum continuous power
WGT;    3200
0;	    80.0
1000;	80.0
1500;   80.0
2000;	80.0
3000;	80.0
4000;	80.0
5000;	80.0
6000;	80.0
7000;	80.0
8000;	80.0
9000;	76.4
10000;	73.8
11000;	71.4
12000;	69.0
13000;	66.6
14000;	64.4
15000;	62.1
16000;	60.0
[/HOLD]

[CLIMB.0]
Name=107KIAS

[DATA] 
ISA;          2400       ;         2800       ;         3100       ;         3400
2000;   1.4;   3.0;   2.7;   1.7;   3.8;   3.3;   2.2;   4.8;   4.2;   2.6;   5.7;   5.1
4000;   2.9;   6.2;   5.6;   3.7;   7.7;   7.2;   4.4;   9.1;   8.8;   5.2;   10.5;  10.4
6000;   4.5;   9.2;   9.0;   5.7;   11.4;  11.3;  6.9;   13.7;  13.3;  8.1;   16.1;  15.5
8000;   6.3;   12.6;  12.3;  8.1;   15.9;  15.4;  9.8;   19.1;  18.8;  11.7;  22.3;  22.4
10000;  8.4;   16.6;  16.1;  10.8;  20.8;  20.8;  13.2;  24.8;  25.1;  16.1;  29.6;  31.4
12000;  10.9;  20.9;  20.9;  14.0;  26.3;  27.0;  17.5;  31.7;  34.4;  22.1;  39.1;  44.8
14000;  13.8;  25.8;  26.4;  18.0;  32.6;  35.7;  23.0;  40.4;  46.6;  30.6;  51.5;  63.4
16000;  17.1;  31.3;  33.7;  23.3;  40.9;  47.2;  31.1;  52.2;  64.6;  45.6;  72.8;  98.7

[/DATA]
[/CLIMB.0]

[CRUISE.0]
Name=75%

MinCruiseAlt=1000
CruiseModeBelowMinAlt=0

[DATA]
ISA-20; 3200
OPT; 16000
MAX; 16000
1000;	91.4;	161
2000;	91.4;	162
3000;	91.4;	164
4000;	91.4;	165
5000;	91.4;	167
6000;	91.4;	168
7000;	91.4;	169
8000;	89.4;	169
9000;	86.5;	168
10000;	83.7;	167
11000;	80.9;	166
12000;	76.2;	165
13000;	75.4;	163
14000;	72.9;	162
15000;	70.4;	160
16000;	68.1;	158
[/DATA]

[DATA]
ISA; 3200
OPT; 16000
MAX; 16000
1000;	91.4;	164
2000;	91.4;	166
3000;	91.4;	167
4000;	91.4;	169
5000;	91.4;	170
6000;	91.4;	172
7000;	89.7;	172
8000;	89.5;	170
9000;	83.7;	169
10000;	81.0;	168
11000;	78.3;	167
12000;	75.7;	165
13000;	73.0;	164
14000;	70.6;	162
15000;	68.2;	160
16000;	65.9;	158
[/DATA]

[DATA]
ISA+20; 3200
OPT; 16000
MAX; 16000
1000;	91.4;	168
2000;	91.4;	169
3000;	91.4;	171
4000;	91.4;	172
5000;	91.4;	173
6000;	89.7;	174
7000;	86.7;	172
8000;	83.6;	171
9000;	81.0;	170
10000;	78.3;	168
11000;	75.7;	167
12000;	73.1;	165
13000;	70.6;	163
14000;	68.3;	162
15000;	66.0;	159
16000;	63.7;	156
[/DATA]
[/CRUISE.0]

[CRUISE.1]
Name=65%

MinCruiseAlt=1000
CruiseModeBelowMinAlt=1

[DATA]
ISA-20; 3200
OPT; 16000
MAX; 16000
1000;	80.0;	152
2000;	80.0;	153
3000;	80.0;	154
4000;	80.0;	155
5000;	80.0;	157
6000;	80.0;	158
7000;	80.0;	159
8000;	80.0;	160
9000;	78.1;	160
10000;	76.2;	159
11000;	73.8;	159
12000;	71.3;	157
13000;	68.8;	155
14000;	66.4;	153
15000;	64.0;	151
16000;	61.9;	148
[/DATA]

[DATA]
ISA; 3200
OPT; 16000
MAX; 16000
1000;	80.0;	155
2000;	80.0;	156
3000;	80.0;	157
4000;	80.0;	159
5000;	80.0;	160
6000;	80.0;	161
7000;	80.0;	162
8000;	80.0;	163
9000;	76.4;	161
10000;	73.8;	160
11000;	71.4;	158
12000;	69.0;	157
13000;	66.6;	155
14000;	64.4;	152
15000;	62.1;	150
16000;	60.0;	147
[/DATA]

[DATA]
ISA+20; 3200
OPT; 15000
MAX; 15000
1000;	80.0;	158
2000;	80.0;	159
3000;	80.0;	160
4000;	80.0;	161
5000;	80.0;	163
6000;	80.0;	164
7000;	79.0;	164
8000;	76.3;	163
9000;	73.9;	161
10000;	71.4;	159
11000;	69.1;	158
12000;	66.8;	156
13000;	64.5;	153
14000;	62.4;	151
15000;	60.2;	147
[/DATA]
[/CRUISE.1]

[CRUISE.2]
Name=55%

MinCruiseAlt=1000
CruiseModeBelowMinAlt=2

[DATA]
ISA-20; 3200
OPT; 16000
MAX; 16000
1000;	68.8;	141
2000;	68.8;	142
3000;	68.8;	143
4000;	68.8;	144
5000;	68.8;	145
6000;	68.8;	146
7000;	68.8;	147
8000;	68.8;	148
9000;	68.4;	149
10000;	68.0;	149
11000;	66.0;	147
12000;	64.0;	146
13000;	62.0;	144
14000;	59.8;	141
15000;	57.6;	138
16000;	55.6;	135
[/DATA]

[DATA]
ISA; 3200
OPT; 14000
MAX; 14000
1000;	68.8;	144
2000;	68.8;	145
3000;	68.8;	146
4000;	68.8;	147
5000;	68.8;	148
6000;	68.8;	148
7000;	68.8;	149
8000;	68.8;	150
9000;	67.3;	149
10000;	65.8;	148
11000;	64.0;	147
12000;	62.1;	145
13000;	60.2;	142
14000;	57.9;	139
[/DATA]

[DATA]
ISA+20; 3200
OPT; 13000
MAX; 13000
1000;	68.8;	146
2000;	68.8;	147
3000;	68.8;	148
4000;	68.8;	149
5000;	68.8;	150
6000;	68.8;	150
7000;	68.8;	151
8000;	67.5;	151
9000;	65.6;	149
10000;	63.8;	147
11000;	62.0;	145
12000;	60.2;	142
13000;	58.4;	139
[/DATA]
[/CRUISE.2]

[CRUISE.3]
Name=45%

MinCruiseAlt=1000
CruiseModeBelowMinAlt=3

[DATA]
ISA-20; 3200
OPT; 14000
MAX; 16000
1000;	57.6;	128
2000;	57.6;	129
3000;	57.6;	130
4000;	57.6;	131
5000;	57.6;	132
6000;	57.6;	133
7000;	57.6;	134
8000;	57.6;	134
9000;	57.6;	135
10000;	57.6;	136
11000;	57.6;	136
12000;	57.6;	137
13000;	57.6;	137
14000;	57.6;	138
15000;	57.6;	138
16000;	55.6;	135
[/DATA]

[DATA]
ISA; 3200
OPT; 11000
MAX; 14000
1000;	57.6;	131
2000;	57.6;	131
3000;	57.6;	132
4000;	57.6;	133
5000;	57.6;	134
6000;	57.6;	135
7000;	57.6;	135
8000;	57.6;	136
9000;	57.6;	137
10000;	57.6;	137
11000;	57.6;	138
12000;	57.6;	138
13000;	57.6;	138
14000;	56.6;	136
[/DATA]

[DATA]
ISA+20; 3200
OPT; 9000
MAX; 12000
1000;	57.6;	133
2000;	57.6;	133
3000;	57.6;	134
4000;	57.6;	135
5000;	57.6;	136
6000;	57.6;	136
7000;	57.6;	137
8000;	57.6;	137
9000;	57.6;	138
10000;	57.6;	138
11000;	57.6;	138
12000;	57.6;	138
[/DATA]
[/CRUISE.3]

[DESCENT.0]
Name=NORM

[DATA]
ISA;  3200                
25000;  31;  34.5;  110.2
20000;  23;  29.1;  85
18000;  21;  27.8;  61.3
12000;  15;  25.6;  47
10000;  13;  22.2;  39
8000;   10;  20.1;  30
6000;   7;   18.0;  22
4000;   5;   16.6;  15
2000;   2;   14.5;  7
[/DATA]

[/DESCENT.0]
